,rain_june,rain_november
0,66.2,83.6
1,39.7,30.9
2,76.4,62.2
3,26.5,37.0
4,11.2,41.0
5,61.8,160.2
6,6.1,18.2
7,48.4,122.4
8,89.2,71.3
9,104.0,44.2
10,34.0,49.1
11,60.6,37.6
12,57.1,114.5
13,79.1,28.8
14,90.9,82.5
15,32.3,71.9
16,63.8,50.7
17,78.2,67.7
18,27.5,112.0
19,43.4,63.6
20,30.1,42.8
21,17.3,57.2
22,77.5,99.1
23,44.9,86.4
24,92.2,84.4
25,39.6,38.1
26,79.4,17.7
27,66.1,102.2
28,53.5,101.3
29,98.5,58.0
30,20.8,82.0
31,55.5,101.4
32,39.6,81.4
33,56.0,100.1
34,65.1,54.6
35,14.8,39.6
36,13.2,57.5
37,88.1,29.2
38,8.4,48.8
39,32.1,37.3
40,19.6,115.4
41,40.4,55.6
42,2.2,62.0
43,77.5,95.0
44,105.4,84.2
45,77.2,118.1
46,38.0,153.2
47,27.1,83.4
48,111.8,104.7
49,17.2,59.0
50,26.7,46.4
51,23.3,50.0
52,77.2,147.6
53,87.2,76.8
54,27.7,59.9
55,50.6,101.8
56,60.3,136.6
57,15.1,173.0
58,6.0,92.5
59,29.4,37.0
60,39.3,59.8
61,56.3,142.1
62,80.4,9.9
63,85.3,158.2
64,68.4,72.6
65,72.5,28.0
66,13.3,112.9
67,28.4,119.3
68,14.7,199.2
69,37.4,50.7
70,49.5,44.0
71,57.2,170.7
72,85.9,67.2
73,82.1,21.4
74,31.8,61.3
75,126.6,15.6
76,30.7,106.0
77,41.4,116.2
78,33.9,42.3
79,13.5,38.5
80,99.1,132.5
81,70.2,40.8
82,91.8,147.5
83,61.3,93.9
84,13.7,71.4
85,54.9,87.3
86,62.5,163.7
87,24.2,141.4
88,69.4,62.6
89,83.1,84.9
90,44.0,28.8
91,48.5,121.1
92,11.9,28.6
93,16.6,32.4
94,66.4,112.0
95,90.0,50.0
96,34.9,96.9
97,132.8,81.8
98,33.4,70.4
99,225.0,117.5
100,7.6,41.2
101,40.9,124.9
102,76.5,78.2
103,48.0,93.0
104,140.0,53.5
105,55.9,50.5
106,54.1,42.6
107,46.4,47.9
108,68.6,73.1
109,52.2,129.1
110,108.3,56.9
111,14.6,103.3
112,11.3,60.5
113,29.8,134.3
114,130.9,93.1
115,152.4,49.5
116,61.0,48.2
117,46.6,167.9
118,43.9,27.0
119,30.9,111.1
120,111.1,55.4
121,68.5,36.2
122,42.2,57.4
123,9.8,66.8
124,285.6,58.3
125,56.7,60.0
126,168.2,161.6
127,41.2,112.7
128,47.8,37.4
129,166.6,110.6
130,37.8,56.6
131,45.4,95.8
132,43.2,126.8
